----------------------------------------------------------------------------------------------------------------------------------------------------------------------------------------------------------------------------------------------------------------------------------------------------------------------------------------------------------
Product :	Product1
Date    :	miércoles, 15 diciembre 2021 12:03:21
Author  :	ginor
----------------------------------------------------------------------------------------------------------------------------------------------------------------------------------------------------------------------------------------------------------------------------------------------------------------------------------------------------------
Component                  | Sub-Component              | Area[m2]        | Volume[m3]      | Density[kg_m3]  | Mass[kg]        | Gx[mm]          | Gy[mm]          | Gz[mm]          | M1[kgxm2]       | M2[kgxm2]       | M3[kgxm2]       | IoxG[kgxm2]     | IoyG[kgxm2]     | IozG[kgxm2]     | IxyG[kgxm2]     | IxzG[kgxm2]     | IyzG[kgxm2]     | 
----------------------------------------------------------------------------------------------------------------------------------------------------------------------------------------------------------------------------------------------------------------------------------------------------------------------------------------------------------
CARCASA                    |                            | 0,047           | 3,59212e-005    | 2700,000        | 0,097           | 42,140          | -5,799e-017     | -2,210          | 7,22432e-005    | 0,000121266     | 0,000123288     | 7,224e-005      | 1,233e-004      | 1,213e-004      | 0               | 5,267e-009      | 0               | 
ESPARRAGOS                 |                            | 0,000367566     | 2,65072e-007    | 7850,000        | 0,002           | 17,250          | -16,500         | 15,500          | 2,34092e-009    | 2,45016e-007    | 2,45016e-007    | 2,341e-009      | 2,45e-007       | 2,45e-007       | 0               | 0               | 0               | 
Part2.1                    |                            | 0,000367566     | 2,65072e-007    | 7850,000        | 0,002           | 17,250          | -16,500         | -17,000         | 2,34092e-009    | 2,45016e-007    | 2,45016e-007    | 2,341e-009      | 2,45e-007       | 2,45e-007       | 0               | 0               | 0               | 
Part2.2                    |                            | 0,000367566     | 2,65072e-007    | 7850,000        | 0,002           | 17,250          | 16,500          | -17,000         | 2,34092e-009    | 2,45016e-007    | 2,45016e-007    | 2,341e-009      | 2,45e-007       | 2,45e-007       | 0               | 0               | 0               | 
Part2.3                    |                            | 0,000367566     | 2,65072e-007    | 7850,000        | 0,002           | 17,250          | 16,500          | 15,500          | 2,34092e-009    | 2,45016e-007    | 2,45016e-007    | 2,341e-009      | 2,45e-007       | 2,45e-007       | 0               | 0               | 0               | 
CARGA_PAGO.1               |                            | 0,007           | 3,13438e-005    | 1330,000        | 0,042           | 11,002          | -5,60794e-014   | -1,000          | 6,6136e-006     | 6,6136e-006     | 9,86544e-006    | 9,865e-006      | 6,614e-006      | 6,614e-006      | 0               | 0               | 0               | 
ELECTRONICA.1              |                            | 0,012           | 6,91127e-005    | 1200,000        | 0,083           | 60,250          | 2,55258e-015    | -1,000          | 1,9623e-005     | 2,60685e-005    | 2,60685e-005    | 1,962e-005      | 2,607e-005      | 2,607e-005      | 0               | 0               | 0               | 
PAN_SOL.1                  |                            | 0,009           | 8,208e-006      | 3000,000        | 0,025           | 42,250          | 26,000          | -3,63897e-014   | 4,73602e-006    | 1,50088e-005    | 1,97284e-005    | 4,736e-006      | 1,973e-005      | 1,501e-005      | 1,803e-022      | 5,258e-022      | -6,802e-023     | 
Symmetry of PAN_SOL.1.1    |                            | 0,009           | 8,208e-006      | 3000,000        | 0,025           | 42,250          | -26,000         | -3,63897e-014   | 4,73602e-006    | 1,50088e-005    | 1,97284e-005    | 4,736e-006      | 1,973e-005      | 1,501e-005      | -1,803e-022     | 5,258e-022      | 6,802e-023      | 
PAN_SOL.2                  |                            | 0,009           | 8,208e-006      | 3000,000        | 0,025           | 42,250          | 3,11157e-014    | 26,000          | 4,73602e-006    | 1,50088e-005    | 1,97284e-005    | 4,736e-006      | 1,501e-005      | 1,973e-005      | -2,228e-024     | 0               | 0               | 
PAN_SOL.3                  |                            | 0,009           | 8,208e-006      | 3000,000        | 0,025           | 42,250          | 3,28332e-014    | -27,500         | 4,73602e-006    | 1,50088e-005    | 1,97284e-005    | 4,736e-006      | 1,501e-005      | 1,973e-005      | 0               | 0               | 0               | 
CUERDA.1                   |                            | 0,000786969     | 1,9635e-007     | 1150,000        | 0,000225802     | -123,000        | 2,63739e-015    | -1,000          | 2,82252e-011    | 1,17607e-006    | 1,17607e-006    | 2,823e-011      | 1,176e-006      | 1,176e-006      | 0               | 0               | 0               | 
BOOM.1                     |                            | 0,001           | 4,84081e-006    | 7850,000        | 0,038           | -248,009        | 1,94277e-008    | -1,000          | 1,67629e-006    | 1,67629e-006    | 1,67866e-006    | 1,679e-006      | 1,676e-006      | 1,676e-006      | -7,704e-034     | 0               | 0               | 
----------------------------------------------------------------------------------------------------------------------------------------------------------------------------------------------------------------------------------------------------------------------------------------------------------------------------------------------------------
----------------------------------------------------------------------------------------------------------------------------------------------------------------------------------------------------------------------------------------------------------------------------------------------------------------------------------------------------------
Product1                   |                            | 0,104           | 0,000175307     | Not uniform     | 0,367           | 11,988          | 2,0135e-009     | -1,146          | 0,000195545     | 0,003           | 0,003           | 1,955e-004      | 0,003           | 0,003           | 1,919e-013      | 1,669e-006      | -1,081e-016     | 
----------------------------------------------------------------------------------------------------------------------------------------------------------------------------------------------------------------------------------------------------------------------------------------------------------------------------------------------------------

